0.22315 -0.021698
-0.62173 2.9335
-0.98655 -1.0069
-2.3567 4.3154
-0.31071 2.5497
0.10624 -0.33106
2.2029 -0.47774
0.49114 0.8812
0.10516 3.5823
0.42079 -2.7474
1.161 -0.055806
-0.27877 -4.3097
-0.71638 -4.2527
1.1424 -1.882
0.041898 -1.1209
1.021 4.8981
-0.95578 -1.777
0.45437 0.086448
0.42668 -4.4102
-0.11993 6.3434
-1.6778 -3.1678
0.51912 -2.3487
0.88348 -1.1565
-0.093959 2.7251
-3.2222 -2.2883
0.1997 -2.6668
1.2387 -0.66614
-0.34498 0.27714
1.3685 1.0584
-1.0434 -5.261
0.10449 -2.339
-0.14871 1.4828
0.18997 0.42396
-0.41921 0.076718
-0.037492 -0.19124
-0.6629 1.6016
0.20025 2.0618
1.4308 3.8288
-0.44253 0.99219
-0.22128 1.5774
-0.18853 -0.72382
-0.33941 0.51051
-0.52648 -0.00018873
-0.63686 -0.86368
0.63185 3.5343
-0.57822 -1.5134
-0.18838 3.1796
0.68021 1.6781
-0.056258 1.9253
-1.2224 1.8739
0.42099 1.5395
-1.2089 -3.9072
-0.1038 -3.9507
-0.75212 -1.0625
-0.12979 -1.0536
-1.5877 2.1086
0.077604 -1.706
-0.49871 -3.0525
-0.72283 4.6592
0.13657 -0.72504
0.42731 -0.72466
-0.47864 -5.8045
-0.024291 -4.573
-0.84423 1.0274
-1.3434 -0.86475
-2.5741 2.8385
-0.82556 -4.6141
-1.2696 -2.2383
1.7668 3.1567
-1.1951 -1.8451
1.7704 3.5045
-0.67262 1.2119
-2.3846 -3.1061
-0.86324 2.7586
-1.1303 0.79233
0.49816 0.30454
-0.44863 1.5637
-0.013367 1.6115
1.3963 -0.299
0.89071 -1.2919
-0.12797 0.87157
-0.70847 2.4245
-1.0237 -4.2832
0.29959 -3.5126
-0.42919 0.30342
1.6294 1.9943
1.7388 -0.41368
0.82282 -4.1471
-0.15153 -2.0611
0.022949 1.7218
-0.76234 -1.2022
-1.7499 0.60209
-1.4046 -2.2376
1.3074 -1.1253
-0.076264 0.34083
-0.47039 -2.5812
0.085021 1.7025
-0.64126 2.3017
-0.012237 -0.42243
0.33158 -0.93922
-2.1141 -0.28878
2.307 -1.8719
1.314 -1.7877
0.98013 4.8874
0.51744 2.7974
0.13117 1.2631
0.32418 -0.52262
-0.96234 -6.0354
0.25561 -4.043
0.41627 2.1506
1.3932 -1.9492
-0.33053 -3.5992
-0.44307 -0.31173
0.43263 0.3161
1.8889 -1.9496
-0.5492 -2.2893
0.7047 0.014287
1.2741 -0.27017
-0.14521 0.91551
2.2068 -2.8182
-0.014217 1.6098
-0.35184 -0.015974
-1.3701 0.40605
0.43835 0.38775
-0.80143 -1.1173
-1.6082 4.7362
-0.13241 1.9349
-2.6984 0.36513
1.7972 -0.083053
0.25198 -3.6117
1.089 1.6872
1.0483 2.1295
0.22622 -2.3991
-0.36761 -4.1834
-0.35819 -0.62412
-0.93261 -2.6373
-0.18492 -0.71988
-0.15809 -3.095
0.089051 -5.3929
-0.26239 0.36068
0.15413 2.8322
-1.7618 -1.9491
-1.3092 0.35442
-1.0809 -1.3443
1.7699 -0.71449
0.82572 -1.1275
-0.48544 0.49462
0.86344 1.0804
-0.85899 2.5816
0.64335 -1.4707
-1.0688 -1.763
2.5864 1.4111
-0.66892 2.1217
0.069345 2.6481
0.57491 4.4745
-1.4154 1.2823
0.11859 2.0367
0.22495 -3.649
-1.0413 -3.7412
-1.269 -7.1646
-0.091422 0.42108
0.84179 1.306
0.80093 4.6452
0.081105 -0.11089
1.5116 0.047799
0.0078285 0.51626
-1.0371 1.4634
-0.3744 -1.6378
1.5166 2.6869
1.1779 1.8432
1.1028 0.052737
-1.9946 -0.1258
-1.0119 -1.1181
0.80568 0.020487
-0.36978 1.8616
0.31463 -3.2523
-0.81485 -2.7682
0.48443 -1.2938
-0.50584 -1.3825
1.3906 -1.3461
-2.0897 -1.4678
0.97531 -0.14859
-1.3513 -4.718
-0.7052 -3.005
-0.2171 -3.313
-0.3401 -2.3736
0.20131 0.97783
-1.109 1.5674
-0.27301 0.86799
0.74901 -0.20525
-0.83224 0.58099
-0.39395 0.18343
0.73176 -0.66318
0.55777 1.7736
0.1201 -1.9374
-1.1444 -0.29195
0.97497 -4.7467
0.033976 2.2014
-0.5906 1.6368
-0.25008 -0.7477
1.2131 4.0758
0.42223 -2.434
1.6275 0.20453
0.39749 -0.53374
-0.18406 -1.3525
1.0609 0.042249
-0.39253 0.59428
0.07511 3.7464
-2.2717 2.3484
0.090144 -3.7612
0.44227 -5.9961
-1.5696 -1.1773
0.47405 2.6232
-1.4261 -4.7874
-0.48627 -2.5965
-0.3128 2.4338
-0.69676 -3.1062
-0.34718 3.0826
0.13262 0.79018
-0.61449 -0.40525
2.9019 1.471
-1.8452 4.8802
-0.23696 -2.5245
0.71627 4.3689
0.79155 3.118
1.8308 -1.3885
-0.31319 -3.5569
-0.7524 -1.4824
0.19906 1.4267
2.1823 -3.9365
0.70893 3.8506
0.083524 -0.58131
-1.1168 -1.4219
-1.6055 -1.1634
-1.0865 -0.7085
-1.3721 0.72252
2.0183 4.7089
2.0783 -0.12474
0.81787 1.6958
1.9071 -2.4141
0.97051 -0.83448
0.45285 1.1166
-0.52085 1.7801
-0.83973 3.9532
0.14274 -3.8404
-0.60012 -4.3389
-1.8782 -1.5878
-0.63581 0.48564
-0.098618 -0.99451
-1.1169 0.87141
-1.1033 0.1198
-0.78651 1.8693
0.66203 3.645
-0.40743 -3.0418
-1.2411 -3.9294
0.0097687 0.70355
2.5162 -3.4418
-1.033 0.7209
-1.0367 -0.61339
1.3808 -0.91639
0.5683 0.3109
1.9874 -0.61637
0.48156 -0.010694
-0.50062 0.51371
1.3661 -1.3245
-1.3104 -3.1894
1.6739 -0.48455
-0.76771 -4.7462
0.10664 -2.9928
1.2094 0.82836
-1.2095 -1.4926
-0.17146 2.211
0.26221 -1.4426
-0.013689 -0.77632
-0.039642 0.30344
-0.27201 -1.9754
-1.7622 -0.66902
-0.46303 2.5619
-0.0019401 1.3165
-0.84472 0.84218
-0.9675 4.6683
0.87566 -2.7782
0.027409 1.7223
0.71319 2.6054
-1.6103 -0.78746
2.1904 0.72853
-0.64591 -0.082874
0.09359 -2.8325
-2.3522 -0.94051
-0.39634 -1.2501
1.7954 0.57086
-1.5973 -3.6093
-0.092279 5.4939
0.80088 -2.5158
-1.0031 1.2392
-1.0525 -0.78164
-0.7174 -0.88851
-0.30572 -0.51668
0.55489 -2.2534
-0.48779 -3.4997
1.8174 -1.4072
-0.70627 -5.3585
-0.40516 0.13319
-1.2241 2.341
-1.5997 -0.3402
0.85657 -1.0087
-0.24263 4.0746
1.7395 1.4433
1.686 -2.8492
-0.21799 1.7524
1.4881 2.7185
-0.85774 -1.9882
-1.0537 1.1767
1.1991 2.1122
1.0898 0.93327
-0.038842 -6.7381
3.1751 -3.0233
-1.4503 -5.93
1.1079 1.7488
0.12256 -3.2407
-1.0684 3.5254
0.40746 -4.166
-0.21188 0.87135
1.9976 -3.4842
-0.22046 -1.4551
0.25746 -0.25718
-0.38704 -1.778
0.30002 -2.1381
0.42612 -1.3716
-0.45684 -0.079956
-2.215 7.1503
0.11607 -0.63606
-1.8076 2.0369
-1.9934 1.2084
0.37053 0.51043
0.50011 0.2362
-0.23601 0.58725
-0.59004 2.1288
-0.2945 0.1953
1.4762 1.4696
0.14909 1.1712
-0.063466 -0.23548
0.5237 2.191
-0.85659 2.014
-0.014286 -3.1675
-0.35668 -1.4771
1.2931 0.9009
0.64112 3.009
0.20915 -0.012451
0.50401 -2.0073
1.2745 1.3066
-0.38529 -4.4476
0.27253 0.32084
-1.2447 -0.21049
0.64537 -1.9692
1.2267 4.013
0.26621 2.0061
-1.3383 -0.98616
1.0777 -0.89071
0.018004 3.5071
0.50474 0.62505
0.41199 -0.66613
-0.087379 -0.78916
0.10653 2.6781
0.48062 -3.3111
0.52149 -0.47815
0.38151 -1.7939
1.1583 3.8233
0.19999 -2.1129
0.049887 1.3563
0.57608 -3.3733
-0.044705 -1.0137
0.90988 -0.97094
-0.24299 1.159
0.57879 -0.27398
0.69999 -1.5929
-0.56632 3.3759
0.81462 2.7563
-1.2212 2.9393
1.3381 -1.3572
-1.2921 2.3078
0.72764 -2.531
-0.55443 6.006
1.5849 -1.689
0.87068 2.009
0.86515 -1.0052
-1.1303 -3.1117
-0.037528 2.7814
0.13434 -2.8748
0.50641 2.6856
0.62846 2.2326
-0.43475 0.37326
-0.76437 -3.6732
-1.6143 -3.7381
-0.057314 -0.60036
-0.10837 -4.8936
-0.45974 -4.743
-0.02457 -3.3167
0.11232 -2.349
-0.94042 0.24848
0.79642 -0.56184
-0.58534 0.31038
1.2851 -3.0689
-0.30204 0.47625
0.46954 -0.092999
0.51781 -1.8563
0.05132 -2.4392
0.010349 1.4353
-0.9102 -1.8014
-0.32483 -0.63892
0.69995 1.4765
-0.54571 -3.1174
1.8241 4.9613
1.6184 -0.11624
-1.4108 -5.8567
1.2005 1.9236
-1.6307 -0.073769
1.0475 5.2638
-0.028848 -1.1878
0.67477 -1.7187
-1.1856 1.7795
-0.89923 -2.026
2.0632 -1.0499
0.50993 1.5253
-0.3579 2.2943
0.32172 -2.8771
-0.39586 -2.1118
-1.1351 0.19885
0.35274 -0.6564
-0.47592 1.8725
-0.50136 3.583
-0.50849 0.57431
-1.2383 0.84873
0.76022 4.1233
-0.56798 0.15278
0.15579 0.7624
0.71653 -0.99345
0.95597 -1.6776
-0.52549 3.3027
1.7437 -1.5856
-1.4079 -5.6336
-1.3696 0.065276
-0.91862 0.21816
-1.3978 0.39109
-0.016896 -0.53734
1.5885 1.8187
-0.78121 4.7209
-1.1993 1.4239
-0.88972 4.9243
-0.47879 2.9944
-1.3338 1.5033
-1.1681 3.8132
1.8379 -2.6189
-0.21891 0.20359
1.7494 1.9886
0.13529 -1.0585
0.77396 -2.1723
-0.064959 0.82015
-1.3994 0.20841
1.5213 -0.11384
-1.2463 -3.8402
-1.3186 -0.26177
1.0026 -1.7266
0.38426 0.97487
-0.94698 -4.8612
-1.1456 2.8636
0.85611 0.33563
0.38361 0.72113
0.86448 4.9616
-1.2032 3.0016
-0.2135 2.7907
0.28836 3.3248
-0.47402 -2.1509
-0.48344 2.0051
0.61925 -1.0058
-1.5949 0.15909
-0.58763 -2.2898
0.60686 1.3567
-0.2602 -1.0638
0.27006 -0.58111
0.4078 -3.1796
0.73361 -4.0233
-1.7683 -0.4211
-0.11223 7.1114
-1.1323 1.163
-0.27819 1.6535
-0.10642 -4.7428
0.96444 1.2839
1.2985 -0.53251
-0.48078 0.86053
0.082957 -0.10102
1.5959 -2.8494
0.20292 0.21176
-0.72008 -1.2373
1.0183 -1.4859
-0.55053 0.782
0.34632 -2.4928
-1.2181 -0.081362
-0.84154 0.23243
2.9914 5.5662
-1.1033 0.1198
-0.78651 1.8693
0.66203 3.645
-0.40743 -3.0418
-1.2411 -3.9294
0.0097687 0.70355
2.5162 -3.4418
-1.033 0.7209
-1.0367 -0.61339
1.3808 -0.91639
0.5683 0.3109
1.9874 -0.61637
0.48156 -0.010694
-0.50062 0.51371
1.3661 -1.3245
-1.3104 -3.1894
1.6739 -0.48455
-0.76771 -4.7462
0.10664 -2.9928
1.2094 0.82836
-1.2095 -1.4926
-0.17146 2.211
0.26221 -1.4426
-0.013689 -0.77632
-0.039642 0.30344
-0.27201 -1.9754
-1.7622 -0.66902
-0.46303 2.5619
-0.0019401 1.3165
-0.84472 0.84218
-0.9675 4.6683
0.87566 -2.7782
0.027409 1.7223
0.71319 2.6054
-1.6103 -0.78746
2.1904 0.72853
-0.64591 -0.082874
0.09359 -2.8325
-2.3522 -0.94051
-0.39634 -1.2501
1.7954 0.57086
-1.5973 -3.6093
-0.092279 5.4939
0.80088 -2.5158
-1.0031 1.2392
-1.0525 -0.78164
-0.7174 -0.88851
-0.30572 -0.51668
0.55489 -2.2534
-0.48779 -3.4997
1.8174 -1.4072
-0.70627 -5.3585
-0.40516 0.13319
-1.2241 2.341
-1.5997 -0.3402
0.85657 -1.0087
-0.24263 4.0746
1.7395 1.4433
1.686 -2.8492
-0.21799 1.7524
1.4881 2.7185
-0.85774 -1.9882
-1.0537 1.1767
1.1991 2.1122
1.0898 0.93327
-0.038842 -6.7381
3.1751 -3.0233
-1.4503 -5.93
1.1079 1.7488
0.12256 -3.2407
-1.0684 3.5254
0.40746 -4.166
-0.21188 0.87135
1.9976 -3.4842
-0.22046 -1.4551
0.25746 -0.25718
-0.38704 -1.778
0.30002 -2.1381
0.42612 -1.3716
-0.45684 -0.079956
-2.215 7.1503
0.11607 -0.63606
-1.8076 2.0369
-1.9934 1.2084
0.37053 0.51043
0.50011 0.2362
-0.23601 0.58725
-0.59004 2.1288
-0.2945 0.1953
1.4762 1.4696
0.14909 1.1712
-0.063466 -0.23548
0.5237 2.191
-0.85659 2.014
-0.014286 -3.1675
-0.35668 -1.4771
1.2931 0.9009
0.64112 3.009
0.20915 -0.012451
0.50401 -2.0073
1.2745 1.3066
-0.38529 -4.4476
0.27253 0.32084
-1.2447 -0.21049
0.64537 -1.9692
1.2267 4.013
0.26621 2.0061
-1.3383 -0.98616
1.0777 -0.89071
0.018004 3.5071
0.50474 0.62505
0.41199 -0.66613
-0.087379 -0.78916
0.10653 2.6781
0.48062 -3.3111
0.52149 -0.47815
0.38151 -1.7939
1.1583 3.8233
0.19999 -2.1129
0.049887 1.3563
0.57608 -3.3733
-0.044705 -1.0137
0.90988 -0.97094
-0.24299 1.159
0.57879 -0.27398
0.69999 -1.5929
-0.56632 3.3759
0.81462 2.7563
-1.2212 2.9393
1.3381 -1.3572
-1.2921 2.3078
0.72764 -2.531
-0.55443 6.006
1.5849 -1.689
0.87068 2.009
0.86515 -1.0052
-1.1303 -3.1117
-0.037528 2.7814
0.13434 -2.8748
0.50641 2.6856
0.62846 2.2326
-0.43475 0.37326
-0.76437 -3.6732
-1.6143 -3.7381
-0.057314 -0.60036
-0.10837 -4.8936
-0.45974 -4.743
-0.02457 -3.3167
0.11232 -2.349
-0.94042 0.24848
