11.332 -7.1345
11.574 -7.8834
9.5646 -8.4623
13.735 -4.4125
13.408 -7.0876
11.444 -11.044
11.793 -6.5988
11.968 -8.871
12.262 -9.9409
9.3156 -10.601
12.343 -8.9098
11.531 -9.8611
10.387 -7.3779
10.399 -7.7488
12.847 -5.8361
10.782 -8.6089
11.187 -9.4433
8.3807 -12.715
11.717 -10.245
10.173 -6.6882
10.6 -8.6655
6.9639 -12.175
12.55 -5.6243
10.823 -7.3048
9.8923 -7.1198
11.227 -6.2815
12.757 -7.5057
7.978 -11.583
10.574 -10.028
10.822 -9.5954
10.544 -7.7369
11.74 -9.1963
13.261 -8.4643
13.06 -5.7147
8.9102 -9.9899
6.3187 -13.57
10.506 -9.3804
11.254 -5.9879
10.717 -8.4569
10.314 -7.3518
12.134 -6.8772
14.069 -5.1379
10.65 -8.4913
9.2806 -10.005
12.882 -4.9502
10.675 -7.724
8.9687 -10.427
9.7758 -9.3463
11.663 -7.2538
10.032 -8.8844
11.244 -10.205
13.667 -3.196
8.2303 -11.878
8.8868 -10.25
11.82 -7.3479
11.632 -5.1794
10.365 -10.556
9.1263 -10.431
11.576 -7.7432
15.102 -4.9311
11.113 -6.9195
12.196 -4.877
9.2581 -7.4805
10.878 -5.766
6.8499 -12.367
11.715 -7.0603
9.8174 -8.5441
12.512 -8.6366
11.87 -10.127
11.551 -8.0455
11.198 -7.1118
8.4927 -7.6384
13.648 -6.3898
9.3111 -9.1049
11.439 -6.1979
11.077 -8.661
10.863 -5.8661
11.175 -8.1154
13.285 -7.2193
8.8737 -9.8177
14.539 -3.9652
12.006 -5.6366
12.515 -8.9706
9.1394 -7.6983
11.089 -7.3734
9.9964 -10.191
9.639 -12.003
12.431 -5.734
11.794 -6.5977
12.176 -9.5037
10.585 -7.5837
10.31 -7.3146
8.6038 -11.593
9.4039 -10.736
12.57 -7.8664
14.016 -4.3776
10.243 -8.7912
13.228 -7.6198
12.477 -7.3703
11.48 -9.8444
10.725 -9.8258
13.657 -6.4314
12.21 -5.4765
9.7425 -9.0216
7.4707 -11.41
10.823 -6.0881
11.528 -10.255
11.023 -6.6141
11.117 -3.0844
11.131 -7.5896
9.3918 -8.6237
9.6463 -10.974
11.957 -5.9995
9.6977 -8.1507
13.523 -2.5214
12.234 -6.3957
11.117 -7.7174
11.597 -6.5233
12.382 -7.2898
9.5187 -9.8855
11.423 -9.2079
13.396 -5.1744
9.863 -7.6806
12.661 -6.3807
10.476 -8.9917
7.9621 -11.726
10.679 -5.3801
12.333 -8.7144
11.237 -9.3018
11.837 -5.8341
10.782 -8.5452
9.2062 -8.6879
9.7271 -7.5674
8.9503 -10.924
10.117 -9.9298
10.453 -5.3322
9.921 -10.078
10.751 -7.6442
11.11 -5.3606
9.3479 -8.1849
9.8465 -7.2587
7.9605 -10.782
11.837 -4.4127
8.9141 -10.952
9.2631 -9.293
14.229 -4.1354
10.149 -10.319
10.716 -7.6821
12.556 -6.9403
11.015 -8.1366
10.352 -6.6458
12.204 -6.9341
10.78 -7.5226
12.428 -6.8868
9.4124 -11.254
14.249 -8.177
12.238 -12.206
11.853 -6.2582
11.516 -7.4176
11.611 -6.203
11.247 -9.3031
11.77 -8.6163
11.393 -6.4215
11.014 -7.0144
11.57 -9.6282
9.7473 -8.5669
10.957 -7.2891
10.104 -7.3446
11.51 -7.382
10.054 -10.332
10.989 -9.9308
11.738 -9.484
9.9526 -9.1009
9.0521 -8.2348
12.657 -0.70016
14.154 -5.3996
12.942 -6.9927
9.679 -10.557
10.207 -4.8303
9.2034 -11.397
9.3219 -8.673
11.024 -8.7829
11.925 -6.5681
10.378 -8.3614
9.2117 -7.8768
9.9227 -10.09
10.584 -10.268
11.437 -8.1523
10.834 -6.2142
10.81 -9.7295
11.488 -9.3102
10.433 -9.7443
11.981 -8.5057
9.3797 -9.708
12.37 -6.7429
8.6925 -11.948
10.773 -9.3627
12.436 -6.3456
8.4564 -8.2263
10.468 -6.6869
10.943 -8.6383
9.596 -10.645
11.613 -6.6415
13.805 -4.5746
10.164 -9.0793
10.751 -6.4253
9.6013 -9.6309
9.0248 -7.1931
10.683 -9.4009
10.116 -7.2603
7.7091 -12.287
9.8569 -9.2312
11.409 -8.8848
14.068 -2.4465
12.781 -5.9274
11.307 -6.2872
7.7493 -11.736
11.895 -4.1136
10.676 -6.4541
9.5032 -11.192
10.926 -8.3398
11.584 -7.9853
10.84 -7.5875
11.891 -10.118
9.9345 -8.4108
9.5509 -7.2485
9.0424 -9.0004
11.412 -4.8439
8.2532 -11.325
11.586 -6.4289
12.722 -5.9653
11.928 -5.1487
10.843 -7.6836
11.458 -12.239
10.922 -12.5
11.232 -10.385
12.358 -5.5725
12.938 -4.793
10.872 -8.1469
12.204 -7.1285
11.95 -7.2594
9.8395 -10.409
11.364 -8.5267
11.88 -5.5498
9.4858 -10.868
9.7577 -8.7115
12.834 -7.0394
14.285 -5.8502
10.399 -8.3909
12.769 -4.9718
11.008 -8.8412
11.44 -4.9472
13.509 -7.1526
10.46 -8.0484
11.502 -11.544
8.3108 -11.458
9.3204 -10.86
11.978 -8.6288
11.885 -6.5221
11.369 -6.8748
10.783 -6.6882
10.082 -9.1499
7.9631 -9.9045
14.293 -4.2575
7.6832 -12.788
10.579 -11.3
10.988 -12.016
11.909 -8.1374
10.41 -8.5225
12.692 -3.2906
12.198 -4.7932
8.2277 -10.719
10.57 -7.0807
11.354 -7.2572
7.4659 -12.034
8.8277 -10.787
11.584 -6.0218
10.692 -7.2615
7.3819 -9.4976
9.2097 -7.1116
12.249 -4.1566
11.75 -7.7111
10.977 -7.4365
10.433 -9.9904
11.596 -5.686
10.354 -10.229
10.381 -9.0142
11.94 -8.4939
11.721 -6.8504
10.601 -6.4266
9.7387 -8.66
10.778 -8.3597
10.017 -8.4295
12.737 -9.1472
14.458 -1.7853
9.8401 -10.653
9.6421 -8.3788
8.0006 -10.703
9.1929 -8.9924
11.599 -5.5461
8.5795 -8.4359
7.7329 -10.43
11.708 -8.3851
8.4653 -10.13
9.7767 -9.5748
8.9348 -11.369
10.135 -9.7378
11.482 -5.8281
9.6648 -10.5
8.385 -13.414
9.302 -10
11.104 -7.6667
10.361 -8.8475
10.597 -6.0312
11.282 -7.9181
7.9994 -10.779
10.827 -8.1722
10.756 -8.6962
10.564 -7.8408
13.095 -6.7704
10.957 -11.266
11.36 -7.3956
10.19 -4.2547
13.945 -8.0711
14.108 -6.1497
6.779 -12.41
12.261 -8.8593
10.648 -7.4385
12.759 -6.6955
10.417 -6.7487
13.72 -4.8092
9.1999 -11.629
8.2705 -10.107
9.9907 -10.59
11.842 -2.851
11.325 -7.1812
11.094 -8.3515
10.818 -8.9792
11.213 -8.6748
11.36 -8.3153
9.471 -12.598
12.384 -5.7414
9.8168 -7.5599
7.1489 -12.746
13.314 -5.2551
11.376 -7.7278
11.005 -9.9966
9.985 -6.9624
9.1644 -12.033
8.8457 -6.3346
13.915 -5.2681
11.303 -9.2958
12.083 -5.1674
8.5014 -10.799
9.7856 -6.6036
11.282 -11.187
12.207 -9.2566
14.088 -5.0768
10.369 -10.844
10.961 -7.3882
12.684 -3.521
8.5364 -12.054
13.001 -6.9343
9.4042 -8.0772
12.121 -6.2954
9.6983 -7.0648
9.7607 -11.108
11.019 -8.6147
9.5141 -9.6257
12.288 -7.496
12.549 -6.3644
9.7955 -8.0129
9.2837 -9.0611
8.4594 -12.184
11.021 -8.129
11.265 -7.5568
12.344 -7.0713
11.745 -6.9717
10.477 -8.2946
12.41 -7.7367
9.2699 -11.812
11.412 -8.25
11.886 -6.864
9.8382 -9.7092
11.617 -8.34
10.48 -8.531
13.244 -5.6955
9.7634 -10.958
10.977 -8.7448
12.357 -4.6463
11.265 -5.8276
12.06 -8.9571
11.139 -9.796
10.52 -9.8665
7.9719 -11.198
10.415 -6.1818
10.191 -10.002
8.7813 -9.3036
9.8707 -8.9443
11.858 -9.1104
